{
  "poses": [
    {
      "index": 0,
      "R": [
        [
          1.0,
          0.0,
          0.0
        ],
        [
          0.0,
          1.0,
          0.0
        ],
        [
          0.0,
          0.0,
          1.0
        ]
      ],
      "t": [
        0.0,
        0.0,
        0.0
      ]
    },
    {
      "index": 1,
      "R": [
        [
          0.9999543471804029,
          0.008209518023612805,
          0.004889516216794121
        ],
        [
          -0.008212280452171705,
          0.9999661300513545,
          0.000545160428292113
        ],
        [
          -0.004884875104769204,
          -0.0005852896186293033,
          0.999987897642403
        ]
      ],
      "t": [
        0.6242090825826409,
        0.5736206593488742,
        -0.5303983035318842
      ],
      "relative_scale": true
    },
    {
      "index": 2,
      "R": [
        [
          0.9999558346368238,
          0.00907194164394951,
          0.0024553310533458744
        ],
        [
          -0.009076816485723374,
          0.9999568413931846,
          0.001981603756901908
        ],
        [
          -0.002437248091034396,
          -0.002003802828035329,
          0.9999950222855959
        ]
      ],
      "t": [
        1.372014641442889,
        0.3609641255020245,
        -1.1593371278621647
      ],
      "relative_scale": true
    },
    {
      "index": 3,
      "R": [
        [
          0.9999218318617615,
          0.009626949894557623,
          0.00797822047487514
        ],
        [
          -0.009590365887404076,
          0.9999433795928796,
          -0.004611126816254371
        ],
        [
          -0.008022159831601476,
          0.0045342523195710666,
          0.9999575418524226
        ]
      ],
      "t": [
        1.890646898608506,
        0.06755510817849647,
        -1.9624135441393076
      ],
      "relative_scale": true
    },
    {
      "index": 4,
      "R": [
        [
          0.9996577853729626,
          0.00983642022076317,
          0.024239574675780615
        ],
        [
          -0.009555988649565951,
          0.999886380986488,
          -0.011657967175860618
        ],
        [
          -0.024351493263279813,
          0.011422344548498905,
          0.999638201961522
        ]
      ],
      "t": [
        1.4116024669067326,
        0.5073187795539036,
        -2.722100549289421
      ],
      "relative_scale": true
    },
    {
      "index": 5,
      "R": [
        [
          0.9990933702625361,
          0.008071311712094017,
          0.041800615123361404
        ],
        [
          -0.007889703303593789,
          0.9999587153714359,
          -0.0045077859852832546
        ],
        [
          -0.041835273146311094,
          0.00417390464122732,
          0.9991158033185245
        ]
      ],
      "t": [
        1.1770477232448464,
        0.540339452511194,
        -3.693642471896549
      ],
      "relative_scale": true
    },
    {
      "index": 6,
      "R": [
        [
          0.9996084228737645,
          0.0034996625061498774,
          0.02776244373549581
        ],
        [
          -0.0032207221050590913,
          0.9999439506032649,
          -0.010085762294314855
        ],
        [
          -0.027796184431419728,
          0.009992397824268879,
          0.9995636668650861
        ]
      ],
      "t": [
        1.9796146721300523,
        1.013581128332623,
        -4.056862252226332
      ],
      "relative_scale": true
    },
    {
      "index": 7,
      "R": [
        [
          0.9989504183783626,
          0.00016538996241605882,
          0.04580430403196688
        ],
        [
          0.0003375324814610228,
          0.9999397504128653,
          -0.010971855635245213
        ],
        [
          -0.04580335897635077,
          0.010975800217615144,
          0.9988901762036043
        ]
      ],
      "t": [
        1.4781600233367584,
        1.2477325096141478,
        -4.889758623840202
      ],
      "relative_scale": true
    }
  ],
  "positions": [
    [
      0.0,
      0.0,
      0.0
    ],
    [
      0.6242090825826409,
      0.5736206593488742,
      -0.5303983035318842
    ],
    [
      1.372014641442889,
      0.3609641255020245,
      -1.1593371278621647
    ],
    [
      1.890646898608506,
      0.06755510817849647,
      -1.9624135441393076
    ],
    [
      1.4116024669067326,
      0.5073187795539036,
      -2.722100549289421
    ],
    [
      1.1770477232448464,
      0.540339452511194,
      -3.693642471896549
    ],
    [
      1.9796146721300523,
      1.013581128332623,
      -4.056862252226332
    ],
    [
      1.4781600233367584,
      1.2477325096141478,
      -4.889758623840202
    ]
  ],
  "trajectory_length_relative": 7.0,
  "scale_note": "Relative monocular units only."
}